33
v 5.023541 -108.842690 -42.657875
v 0.920855 114.701965 -45.967575
v 24.383026 -107.586159 -39.842575
v 42.770096 -104.612587 -33.729652
v 59.478149 -100.036240 -24.554008
v 73.865105 -94.033005 -12.668251
v 85.378075 -86.833565 1.470844
v 93.574615 -78.714600 17.319923
v 98.139755 -69.988113 34.269913
v 98.898064 -60.989456 51.669437
v 95.820381 -52.064445 68.849838
v 89.024986 -43.556068 85.150894
v 78.773018 -35.791283 99.946167
v 65.458458 -29.068495 112.667061
v 49.592972 -23.646059 122.824730
v 31.786272 -19.732355 130.028839
v 12.722650 -17.477789 134.002502
v -6.865283 -16.968992 134.593018
v -26.224775 -18.225527 131.777725
v -44.611851 -21.199102 125.664780
v -61.319904 -25.775446 116.489120
v -75.706856 -31.778688 104.603363
v -87.219818 -38.978134 90.464249
v -95.416359 -47.097115 74.615158
v -99.981483 -55.823601 57.665157
v -100.739761 -64.822266 40.265621
v -97.662056 -73.747276 23.085211
v -90.866638 -82.255661 6.784153
v -80.614647 -90.020439 -8.011101
v -67.300064 -96.743217 -20.731987
v -51.434574 -102.165642 -30.889641
v -33.627857 -106.079338 -38.093712
v -14.564232 -108.333900 -42.067360
62
f 1 2 3
f 3 2 4
f 4 2 5
f 5 2 6
f 6 2 7
f 7 2 8
f 8 2 9
f 9 2 10
f 10 2 11
f 11 2 12
f 12 2 13
f 13 2 14
f 14 2 15
f 15 2 16
f 16 2 17
f 17 2 18
f 18 2 19
f 19 2 20
f 20 2 21
f 21 2 22
f 22 2 23
f 23 2 24
f 24 2 25
f 25 2 26
f 26 2 27
f 27 2 28
f 28 2 29
f 29 2 30
f 30 2 31
f 31 2 32
f 32 2 33
f 33 2 1
f 17 25 33
f 33 1 17
f 3 4 9
f 5 6 9
f 7 8 9
f 9 10 11
f 11 12 9
f 13 14 15
f 15 16 17
f 17 18 21
f 19 20 18
f 21 22 23
f 23 24 25
f 25 26 27
f 27 28 29
f 29 30 31
f 31 32 29
f 1 3 15
f 6 7 9
f 9 12 13
f 13 15 9
f 18 20 21
f 21 23 17
f 25 27 32
f 29 32 27
f 4 5 9
f 9 15 3
f 17 23 25
f 25 32 33
f 1 15 17
