159
v -10.181081 94.225334 -185.899902
v -7.281435 151.158951 -154.324768
v -4.468389 94.259079 -185.968491
v 1.148201 94.241806 -184.922379
v 6.452841 94.174187 -182.801788
v 11.241678 94.058823 -179.688202
v 15.330687 93.900146 -175.701279
v 18.562717 93.704247 -170.994232
v 20.813574 93.478661 -165.747955
v 21.996754 93.232056 -160.164062
v 22.066788 92.973907 -154.457123
v 21.020987 92.714142 -148.846466
v 18.899538 92.462730 -143.547684
v 15.783964 92.229347 -138.764435
v 11.794003 92.022949 -134.680527
v 7.082977 91.851479 -131.452911
v 1.831935 91.721519 -129.205597
v -3.757329 91.638062 -128.024963
v -9.470024 91.604324 -127.956390
v -15.086615 91.621597 -129.002502
v -20.391256 91.689209 -131.123093
v -25.180096 91.804581 -134.236679
v -29.269098 91.963257 -138.223618
v -32.501129 92.159149 -142.930664
v -34.751980 92.384735 -148.176941
v -35.935158 92.631348 -153.760849
v -36.005184 92.889488 -159.467789
v -34.959377 93.149261 -165.078461
v -32.837917 93.400665 -170.377228
v -29.722342 93.634056 -175.160461
v -25.732372 93.840454 -179.244370
v -21.021343 94.011925 -182.471985
v -15.770300 94.141884 -184.719299
v 0.730586 111.114723 132.326797
v -71.630150 55.836678 184.899323
v 28.369389 55.836708 217.391724
v 90.173203 55.836288 132.326797
v 28.369389 55.836708 47.261871
v -71.630150 55.836678 79.754272
v -26.908215 -33.607262 217.391724
v 73.091316 -33.607224 184.899323
v 73.091316 -33.607224 79.754272
v -26.908215 -33.607262 47.261871
v -88.712036 -33.606834 132.326797
v 0.730586 -88.885277 132.326797
v 16.976143 96.180168 182.326324
v -41.801682 96.180145 163.227936
v -25.556297 63.688492 213.227966
v -84.334206 63.688316 132.326797
v -41.801682 96.180145 101.425659
v 53.303566 96.179893 132.326797
v 69.549522 63.688347 182.326492
v 16.976143 96.180168 82.327271
v 69.549522 63.688347 82.327103
v -25.556297 63.688492 51.425636
v -94.375198 11.114725 163.228058
v -94.375198 11.114725 101.425537
v 0.730586 11.114725 232.326782
v -58.047974 11.114725 213.228470
v 95.836365 11.114725 163.228058
v 59.509148 11.114725 213.228470
v 59.509148 11.114725 51.425125
v 95.836365 11.114725 101.425537
v -58.047974 11.114725 51.425125
v 0.730586 11.114725 32.326805
v -68.088356 -41.458893 182.326492
v 27.017467 -41.459038 213.227966
v 85.795372 -41.458870 132.326797
v 27.017467 -41.459038 51.425636
v -68.088356 -41.458893 82.327103
v -15.514970 -73.950714 182.326324
v -51.842392 -73.950447 132.326797
v 43.262856 -73.950699 163.227936
v 43.262856 -73.950699 101.425659
v -15.514970 -73.950714 82.327271
v 0.436226 106.823997 -156.615631
v -71.924507 51.545952 -104.043106
v 28.075027 51.545982 -71.550705
v 89.878845 51.545563 -156.615631
v 28.075027 51.545982 -241.680557
v -71.924507 51.545952 -209.188156
v -27.202576 -37.897987 -71.550705
v 72.796959 -37.897949 -104.043106
v 72.796959 -37.897949 -209.188156
v -27.202576 -37.897987 -241.680557
v -89.006393 -37.897560 -156.615631
v 0.436226 -93.176003 -156.615631
v 16.681782 91.889442 -106.616104
v -42.096043 91.889420 -125.714493
v -25.850657 59.397766 -75.714470
v -84.628563 59.397591 -156.615631
v -42.096043 91.889420 -187.516769
v 53.009205 91.889168 -156.615631
v 69.255165 59.397621 -106.615936
v 16.681782 91.889442 -206.615158
v 69.255165 59.397621 -206.615326
v -25.850657 59.397766 -237.516785
v -94.669556 6.823999 -125.714371
v -94.669556 6.823999 -187.516891
v 0.436226 6.823999 -56.615639
v -58.342335 6.823999 -75.713959
v 95.542007 6.823999 -125.714371
v 59.214787 6.823999 -75.713959
v 59.214787 6.823999 -237.517303
v 95.542007 6.823999 -187.516891
v -58.342335 6.823999 -237.517303
v 0.436226 6.823999 -256.615631
v -68.382713 -45.749619 -106.615936
v 26.723108 -45.749763 -75.714470
v 85.501015 -45.749596 -156.615631
v 26.723108 -45.749763 -237.516785
v -68.382713 -45.749619 -206.615326
v -15.809330 -78.241440 -106.616104
v -52.136753 -78.241173 -156.615631
v 42.968494 -78.241425 -125.714493
v 42.968494 -78.241425 -187.516769
v -15.809330 -78.241440 -206.615158
v 1.211268 105.148361 -6.247306
v -71.149467 49.870308 46.325222
v 28.850069 49.870342 78.817619
v 90.653885 49.869919 -6.247306
v 28.850069 49.870342 -91.312233
v -71.149467 49.870308 -58.819836
v -26.427534 -39.573627 78.817619
v 73.571999 -39.573593 46.325222
v 73.571999 -39.573593 -58.819836
v -26.427534 -39.573627 -91.312233
v -88.231354 -39.573204 -6.247306
v 1.211268 -94.851639 -6.247306
v 17.456823 90.213806 43.752220
v -41.320999 90.213776 24.653833
v -25.075615 57.722122 74.653854
v -83.853523 57.721951 -6.247306
v -41.320999 90.213776 -37.148445
v 53.784248 90.213531 -6.247306
v 70.030205 57.721977 43.752388
v 17.456823 90.213806 -56.246834
v 70.030205 57.721977 -56.247002
v -25.075615 57.722122 -87.148468
v -93.894516 5.148357 24.653955
v -93.894516 5.148357 -37.148567
v 1.211268 5.148357 93.752686
v -57.567291 5.148357 74.654366
v 96.317047 5.148357 24.653955
v 59.989830 5.148357 74.654366
v 59.989830 5.148357 -87.148979
v 96.317047 5.148357 -37.148567
v -57.567291 5.148357 -87.148979
v 1.211268 5.148357 -106.247299
v -67.607674 -47.425262 43.752388
v 27.498150 -47.425407 74.653854
v 86.276054 -47.425236 -6.247306
v 27.498150 -47.425407 -87.148468
v -67.607674 -47.425262 -56.247002
v -15.034288 -79.917084 43.752220
v -51.361710 -79.916809 -6.247306
v 43.743538 -79.917068 24.653833
v 43.743538 -79.917068 -37.148445
v -15.034288 -79.917084 -56.246834
302
f 1 2 3
f 3 2 4
f 4 2 5
f 5 2 6
f 6 2 7
f 7 2 8
f 8 2 9
f 9 2 10
f 10 2 11
f 11 2 12
f 12 2 13
f 13 2 14
f 14 2 15
f 15 2 16
f 16 2 17
f 17 2 18
f 18 2 19
f 19 2 20
f 20 2 21
f 21 2 22
f 22 2 23
f 23 2 24
f 24 2 25
f 25 2 26
f 26 2 27
f 27 2 28
f 28 2 29
f 29 2 30
f 30 2 31
f 31 2 32
f 32 2 33
f 33 2 1
f 17 32 9
f 33 1 32
f 3 4 5
f 5 6 9
f 7 8 9
f 9 10 11
f 11 12 15
f 13 14 15
f 15 16 17
f 17 18 20
f 19 20 18
f 21 22 23
f 23 24 25
f 25 26 27
f 27 28 29
f 29 30 32
f 31 32 30
f 1 3 32
f 6 7 9
f 9 11 15
f 13 15 12
f 17 20 32
f 21 23 20
f 25 27 29
f 29 32 25
f 3 5 32
f 9 15 17
f 20 23 32
f 25 32 23
f 5 9 32
f 34 47 46
f 35 47 49
f 34 46 51
f 34 51 53
f 34 53 50
f 35 49 56
f 36 48 58
f 37 52 60
f 38 54 62
f 39 55 64
f 35 56 59
f 36 58 61
f 37 60 63
f 38 62 65
f 39 64 57
f 40 66 71
f 41 67 73
f 42 68 74
f 43 69 75
f 44 70 72
f 72 75 45
f 72 70 75
f 70 43 75
f 75 74 45
f 75 69 74
f 69 42 74
f 74 73 45
f 74 68 73
f 68 41 73
f 73 71 45
f 73 67 71
f 67 40 71
f 71 72 45
f 71 66 72
f 66 44 72
f 57 70 44
f 57 64 70
f 64 43 70
f 65 69 43
f 65 62 69
f 62 42 69
f 63 68 42
f 63 60 68
f 60 41 68
f 61 67 41
f 61 58 67
f 58 40 67
f 59 66 40
f 59 56 66
f 56 44 66
f 64 65 43
f 64 55 65
f 55 38 65
f 62 63 42
f 62 54 63
f 54 37 63
f 60 61 41
f 60 52 61
f 52 36 61
f 58 59 40
f 58 48 59
f 48 35 59
f 56 57 44
f 56 49 57
f 49 39 57
f 50 55 39
f 50 53 55
f 53 38 55
f 53 54 38
f 53 51 54
f 51 37 54
f 51 52 37
f 51 46 52
f 46 36 52
f 49 50 39
f 49 47 50
f 47 34 50
f 46 48 36
f 46 47 48
f 47 35 48
f 76 89 88
f 77 89 91
f 76 88 93
f 76 93 95
f 76 95 92
f 77 91 98
f 78 90 100
f 79 94 102
f 80 96 104
f 81 97 106
f 77 98 101
f 78 100 103
f 79 102 105
f 80 104 107
f 81 106 99
f 82 108 113
f 83 109 115
f 84 110 116
f 85 111 117
f 86 112 114
f 114 117 87
f 114 112 117
f 112 85 117
f 117 116 87
f 117 111 116
f 111 84 116
f 116 115 87
f 116 110 115
f 110 83 115
f 115 113 87
f 115 109 113
f 109 82 113
f 113 114 87
f 113 108 114
f 108 86 114
f 99 112 86
f 99 106 112
f 106 85 112
f 107 111 85
f 107 104 111
f 104 84 111
f 105 110 84
f 105 102 110
f 102 83 110
f 103 109 83
f 103 100 109
f 100 82 109
f 101 108 82
f 101 98 108
f 98 86 108
f 106 107 85
f 106 97 107
f 97 80 107
f 104 105 84
f 104 96 105
f 96 79 105
f 102 103 83
f 102 94 103
f 94 78 103
f 100 101 82
f 100 90 101
f 90 77 101
f 98 99 86
f 98 91 99
f 91 81 99
f 92 97 81
f 92 95 97
f 95 80 97
f 95 96 80
f 95 93 96
f 93 79 96
f 93 94 79
f 93 88 94
f 88 78 94
f 91 92 81
f 91 89 92
f 89 76 92
f 88 90 78
f 88 89 90
f 89 77 90
f 118 131 130
f 119 131 133
f 118 130 135
f 118 135 137
f 118 137 134
f 119 133 140
f 120 132 142
f 121 136 144
f 122 138 146
f 123 139 148
f 119 140 143
f 120 142 145
f 121 144 147
f 122 146 149
f 123 148 141
f 124 150 155
f 125 151 157
f 126 152 158
f 127 153 159
f 128 154 156
f 156 159 129
f 156 154 159
f 154 127 159
f 159 158 129
f 159 153 158
f 153 126 158
f 158 157 129
f 158 152 157
f 152 125 157
f 157 155 129
f 157 151 155
f 151 124 155
f 155 156 129
f 155 150 156
f 150 128 156
f 141 154 128
f 141 148 154
f 148 127 154
f 149 153 127
f 149 146 153
f 146 126 153
f 147 152 126
f 147 144 152
f 144 125 152
f 145 151 125
f 145 142 151
f 142 124 151
f 143 150 124
f 143 140 150
f 140 128 150
f 148 149 127
f 148 139 149
f 139 122 149
f 146 147 126
f 146 138 147
f 138 121 147
f 144 145 125
f 144 136 145
f 136 120 145
f 142 143 124
f 142 132 143
f 132 119 143
f 140 141 128
f 140 133 141
f 133 123 141
f 134 139 123
f 134 137 139
f 137 122 139
f 137 138 122
f 137 135 138
f 135 121 138
f 135 136 121
f 135 130 136
f 130 120 136
f 133 134 123
f 133 131 134
f 131 118 134
f 130 132 120
f 130 131 132
f 131 119 132
