159
v 1.407164 109.866440 -80.198227
v 0.776382 137.892426 -139.970474
v 7.107445 110.861626 -80.071983
v 12.504756 112.949707 -79.979797
v 17.391678 116.050438 -79.925201
v 21.580412 120.044662 -79.910294
v 24.909990 124.778877 -79.935654
v 27.252451 130.071152 -80.000305
v 28.517782 135.718109 -80.101761
v 28.657354 141.502747 -80.236122
v 27.665806 147.202759 -80.398224
v 25.581238 152.599075 -80.581848
v 22.483763 157.484360 -80.779922
v 18.492411 161.670853 -80.984848
v 13.760571 164.997665 -81.188736
v 8.470082 167.336945 -81.383759
v 2.824258 168.598816 -81.562431
v -2.959938 168.734756 -81.717873
v -8.660221 167.739563 -81.844109
v -14.057532 165.651489 -81.936302
v -18.944456 162.550751 -81.990898
v -23.133190 158.556519 -82.005798
v -26.462765 153.822296 -81.980438
v -28.805225 148.530014 -81.915794
v -30.070549 142.883057 -81.814339
v -30.210117 137.098419 -81.679977
v -29.218561 131.398407 -81.517868
v -27.133987 126.002083 -81.334251
v -24.036505 121.116806 -81.136169
v -20.045149 116.930321 -80.931252
v -15.313303 113.603516 -80.727356
v -10.022811 111.264236 -80.532333
v -4.376984 110.002380 -80.353668
v 0.000000 -230.285507 0.000000
v 72.360733 -175.007462 52.572529
v -27.638802 -175.007492 85.064926
v -89.442619 -175.007065 0.000000
v -27.638802 -175.007492 -85.064926
v 72.360733 -175.007462 -52.572529
v 27.638802 -85.563522 85.064926
v -72.360733 -85.563553 52.572529
v -72.360733 -85.563553 -52.572529
v 27.638802 -85.563522 -85.064926
v 89.442619 -85.563950 0.000000
v 0.000000 -30.285507 0.000000
v -16.245556 -215.350952 49.999527
v 42.532269 -215.350922 30.901140
v 26.286882 -182.859268 80.901161
v 85.064789 -182.859100 0.000000
v 42.532269 -215.350922 -30.901140
v -52.572979 -215.350677 0.000000
v -68.818939 -182.859131 49.999695
v -16.245556 -215.350952 -49.999527
v -68.818939 -182.859131 -49.999695
v 26.286882 -182.859268 -80.901161
v 95.105782 -130.285507 30.901262
v 95.105782 -130.285507 -30.901262
v 0.000000 -130.285507 99.999992
v 58.778561 -130.285507 80.901672
v -95.105782 -130.285507 30.901262
v -58.778561 -130.285507 80.901672
v -58.778561 -130.285507 -80.901672
v -95.105782 -130.285507 -30.901262
v 58.778561 -130.285507 -80.901672
v 0.000000 -130.285507 -99.999992
v 68.818939 -77.711884 49.999695
v -26.286882 -77.711746 80.901161
v -85.064789 -77.711914 0.000000
v -26.286882 -77.711746 -80.901161
v 68.818939 -77.711884 -49.999695
v 16.245556 -45.220070 49.999527
v 52.572979 -45.220337 0.000000
v -42.532269 -45.220085 30.901140
v -42.532269 -45.220085 -30.901140
v 16.245556 -45.220070 -49.999527
v 0.000000 38.813934 0.000000
v 72.360733 94.091980 52.572529
v -27.638802 94.091949 85.064926
v -89.442619 94.092377 0.000000
v -27.638802 94.091949 -85.064926
v 72.360733 94.091980 -52.572529
v 27.638802 183.535919 85.064926
v -72.360733 183.535889 52.572529
v -72.360733 183.535889 -52.572529
v 27.638802 183.535919 -85.064926
v 89.442619 183.535492 0.000000
v 0.000000 238.813934 0.000000
v -16.245556 53.748489 49.999527
v 42.532269 53.748512 30.901140
v 26.286882 86.240173 80.901161
v 85.064789 86.240341 0.000000
v 42.532269 53.748512 -30.901140
v -52.572979 53.748764 0.000000
v -68.818939 86.240311 49.999695
v -16.245556 53.748489 -49.999527
v -68.818939 86.240311 -49.999695
v 26.286882 86.240173 -80.901161
v 95.105782 138.813934 30.901262
v 95.105782 138.813934 -30.901262
v 0.000000 138.813934 99.999992
v 58.778561 138.813934 80.901672
v -95.105782 138.813934 30.901262
v -58.778561 138.813934 80.901672
v -58.778561 138.813934 -80.901672
v -95.105782 138.813934 -30.901262
v 58.778561 138.813934 -80.901672
v 0.000000 138.813934 -99.999992
v 68.818939 191.387558 49.999695
v -26.286882 191.387695 80.901161
v -85.064789 191.387527 0.000000
v -26.286882 191.387695 -80.901161
v 68.818939 191.387558 -49.999695
v 16.245556 223.879364 49.999527
v 52.572979 223.879105 0.000000
v -42.532269 223.879364 30.901140
v -42.532269 223.879364 -30.901140
v 16.245556 223.879364 -49.999527
v 0.000000 -100.000000 0.000000
v 72.360733 -44.721951 52.572529
v -27.638802 -44.721985 85.064926
v -89.442619 -44.721561 0.000000
v -27.638802 -44.721985 -85.064926
v 72.360733 -44.721951 -52.572529
v 27.638802 44.721985 85.064926
v -72.360733 44.721951 52.572529
v -72.360733 44.721951 -52.572529
v 27.638802 44.721985 -85.064926
v 89.442619 44.721561 0.000000
v 0.000000 100.000000 0.000000
v -16.245556 -85.065445 49.999527
v 42.532269 -85.065422 30.901140
v 26.286882 -52.573765 80.901161
v 85.064789 -52.573593 0.000000
v 42.532269 -85.065422 -30.901140
v -52.572979 -85.065170 0.000000
v -68.818939 -52.573620 49.999695
v -16.245556 -85.065445 -49.999527
v -68.818939 -52.573620 -49.999695
v 26.286882 -52.573765 -80.901161
v 95.105782 0.000000 30.901262
v 95.105782 0.000000 -30.901262
v 0.000000 0.000000 99.999992
v 58.778561 0.000000 80.901672
v -95.105782 0.000000 30.901262
v -58.778561 0.000000 80.901672
v -58.778561 0.000000 -80.901672
v -95.105782 0.000000 -30.901262
v 58.778561 0.000000 -80.901672
v 0.000000 0.000000 -99.999992
v 68.818939 52.573620 49.999695
v -26.286882 52.573765 80.901161
v -85.064789 52.573593 0.000000
v -26.286882 52.573765 -80.901161
v 68.818939 52.573620 -49.999695
v 16.245556 85.065437 49.999527
v 52.572979 85.065170 0.000000
v -42.532269 85.065422 30.901140
v -42.532269 85.065422 -30.901140
v 16.245556 85.065437 -49.999527
302
f 1 2 3
f 3 2 4
f 4 2 5
f 5 2 6
f 6 2 7
f 7 2 8
f 8 2 9
f 9 2 10
f 10 2 11
f 11 2 12
f 12 2 13
f 13 2 14
f 14 2 15
f 15 2 16
f 16 2 17
f 17 2 18
f 18 2 19
f 19 2 20
f 20 2 21
f 21 2 22
f 22 2 23
f 23 2 24
f 24 2 25
f 25 2 26
f 26 2 27
f 27 2 28
f 28 2 29
f 29 2 30
f 30 2 31
f 31 2 32
f 32 2 33
f 33 2 1
f 28 29 22
f 33 1 14
f 3 4 5
f 5 6 9
f 7 8 9
f 9 10 11
f 11 12 9
f 13 14 9
f 15 16 14
f 17 18 16
f 19 20 21
f 21 22 19
f 23 24 25
f 25 26 28
f 27 28 26
f 29 30 31
f 31 32 33
f 1 3 5
f 6 7 9
f 9 12 13
f 14 16 18
f 18 19 22
f 22 14 18
f 25 28 23
f 29 31 33
f 1 5 14
f 9 14 5
f 22 23 28
f 29 14 22
f 33 14 29
f 34 47 46
f 35 47 49
f 34 46 51
f 34 51 53
f 34 53 50
f 35 49 56
f 36 48 58
f 37 52 60
f 38 54 62
f 39 55 64
f 35 56 59
f 36 58 61
f 37 60 63
f 38 62 65
f 39 64 57
f 40 66 71
f 41 67 73
f 42 68 74
f 43 69 75
f 44 70 72
f 72 75 45
f 72 70 75
f 70 43 75
f 75 74 45
f 75 69 74
f 69 42 74
f 74 73 45
f 74 68 73
f 68 41 73
f 73 71 45
f 73 67 71
f 67 40 71
f 71 72 45
f 71 66 72
f 66 44 72
f 57 70 44
f 57 64 70
f 64 43 70
f 65 69 43
f 65 62 69
f 62 42 69
f 63 68 42
f 63 60 68
f 60 41 68
f 61 67 41
f 61 58 67
f 58 40 67
f 59 66 40
f 59 56 66
f 56 44 66
f 64 65 43
f 64 55 65
f 55 38 65
f 62 63 42
f 62 54 63
f 54 37 63
f 60 61 41
f 60 52 61
f 52 36 61
f 58 59 40
f 58 48 59
f 48 35 59
f 56 57 44
f 56 49 57
f 49 39 57
f 50 55 39
f 50 53 55
f 53 38 55
f 53 54 38
f 53 51 54
f 51 37 54
f 51 52 37
f 51 46 52
f 46 36 52
f 49 50 39
f 49 47 50
f 47 34 50
f 46 48 36
f 46 47 48
f 47 35 48
f 76 89 88
f 77 89 91
f 76 88 93
f 76 93 95
f 76 95 92
f 77 91 98
f 78 90 100
f 79 94 102
f 80 96 104
f 81 97 106
f 77 98 101
f 78 100 103
f 79 102 105
f 80 104 107
f 81 106 99
f 82 108 113
f 83 109 115
f 84 110 116
f 85 111 117
f 86 112 114
f 114 117 87
f 114 112 117
f 112 85 117
f 117 116 87
f 117 111 116
f 111 84 116
f 116 115 87
f 116 110 115
f 110 83 115
f 115 113 87
f 115 109 113
f 109 82 113
f 113 114 87
f 113 108 114
f 108 86 114
f 99 112 86
f 99 106 112
f 106 85 112
f 107 111 85
f 107 104 111
f 104 84 111
f 105 110 84
f 105 102 110
f 102 83 110
f 103 109 83
f 103 100 109
f 100 82 109
f 101 108 82
f 101 98 108
f 98 86 108
f 106 107 85
f 106 97 107
f 97 80 107
f 104 105 84
f 104 96 105
f 96 79 105
f 102 103 83
f 102 94 103
f 94 78 103
f 100 101 82
f 100 90 101
f 90 77 101
f 98 99 86
f 98 91 99
f 91 81 99
f 92 97 81
f 92 95 97
f 95 80 97
f 95 96 80
f 95 93 96
f 93 79 96
f 93 94 79
f 93 88 94
f 88 78 94
f 91 92 81
f 91 89 92
f 89 76 92
f 88 90 78
f 88 89 90
f 89 77 90
f 118 131 130
f 119 131 133
f 118 130 135
f 118 135 137
f 118 137 134
f 119 133 140
f 120 132 142
f 121 136 144
f 122 138 146
f 123 139 148
f 119 140 143
f 120 142 145
f 121 144 147
f 122 146 149
f 123 148 141
f 124 150 155
f 125 151 157
f 126 152 158
f 127 153 159
f 128 154 156
f 156 159 129
f 156 154 159
f 154 127 159
f 159 158 129
f 159 153 158
f 153 126 158
f 158 157 129
f 158 152 157
f 152 125 157
f 157 155 129
f 157 151 155
f 151 124 155
f 155 156 129
f 155 150 156
f 150 128 156
f 141 154 128
f 141 148 154
f 148 127 154
f 149 153 127
f 149 146 153
f 146 126 153
f 147 152 126
f 147 144 152
f 144 125 152
f 145 151 125
f 145 142 151
f 142 124 151
f 143 150 124
f 143 140 150
f 140 128 150
f 148 149 127
f 148 139 149
f 139 122 149
f 146 147 126
f 146 138 147
f 138 121 147
f 144 145 125
f 144 136 145
f 136 120 145
f 142 143 124
f 142 132 143
f 132 119 143
f 140 141 128
f 140 133 141
f 133 123 141
f 134 139 123
f 134 137 139
f 137 122 139
f 137 138 122
f 137 135 138
f 135 121 138
f 135 136 121
f 135 130 136
f 130 120 136
f 133 134 123
f 133 131 134
f 131 118 134
f 130 132 120
f 130 131 132
f 131 119 132

