507
v -46.724171 -17.090897 74.631073
v 40.685787 -15.754263 78.367813
v -52.741470 -10.154079 66.555878
v 47.155624 -8.626498 70.826431
v -57.016701 -6.317285 55.426556
v 52.245750 -4.646492 60.097477
v -37.791683 1.791728 60.160095
v 32.448460 2.865809 63.162834
v -38.141907 -3.678803 70.309349
v 32.098236 -2.604723 73.312080
v -38.253719 -13.835357 76.557854
v 31.986423 -12.761276 79.560585
v -30.468266 -16.841022 78.453857
v 24.162960 -16.005627 80.789322
v -23.318077 -9.701881 73.287460
v 17.265118 -9.081302 75.022369
v -18.294680 -5.722249 64.119576
v 12.923162 -5.244879 65.454124
v -10.237233 -24.350904 65.241516
v 5.371688 -24.112219 65.908798
v -16.847815 -24.448425 73.560516
v 11.248244 -24.018793 74.761612
v -27.227169 -24.604874 78.590546
v 21.160488 -23.864952 80.659103
v -30.217709 -33.245358 78.460655
v 24.413517 -32.409962 80.796120
v -22.864687 -39.385918 73.299759
v 17.718508 -38.765339 75.034668
v -17.710047 -43.999031 64.135437
v 13.507795 -43.521660 65.469986
v -36.968426 -52.108227 60.182430
v 33.271717 -51.034149 63.185169
v -37.497616 -45.861378 70.326828
v 32.742527 -44.787296 73.329559
v -37.907711 -36.488960 76.567245
v 32.332432 -35.414883 79.569977
v -46.473614 -33.495232 74.637871
v 40.936344 -32.158600 78.374611
v -52.288082 -39.838116 66.568176
v 47.609013 -38.310535 70.838730
v -56.432068 -44.594067 55.442417
v 52.830383 -42.923271 60.113338
v -64.468079 -25.184067 53.539612
v 60.403290 -23.274590 58.877808
v -58.691620 -25.091198 64.734039
v 53.692612 -23.372669 69.538422
v -49.693279 -24.950035 73.720314
v 43.960247 -23.517929 77.723961
v -50.540455 -24.962343 75.248024
v 44.673962 -23.506367 79.318398
v -47.308857 -34.288696 76.165901
v 41.661991 -32.928196 79.969368
v -37.983944 -38.051838 78.909500
v 32.256199 -36.977757 81.912231
v -29.525423 -34.015141 80.835953
v 23.544909 -33.203613 83.104691
v -25.766369 -24.581564 80.998886
v 19.499500 -23.889380 82.933990
v -29.799843 -16.048489 80.828514
v 23.270489 -15.236961 83.097252
v -38.286869 -24.772697 81.245605
v 31.953274 -23.698618 84.248337
v -38.377674 -12.273599 78.898819
v 31.862469 -11.199518 81.901550
v -47.583279 -16.322044 76.158463
v 41.387569 -14.961543 79.961929
v -2.513434 -42.981419 74.168831
v -2.966395 -35.171692 81.970970
v -4.174313 67.943314 73.342339
v -3.825662 32.008896 78.040443
v -3.689560 18.728821 79.607025
v -4.250759 77.317596 71.777374
v -1.948662 -40.634594 60.118195
v -1.564646 -57.038185 57.002842
v 3.707634 -89.820229 -54.600380
v 4.495815 -56.223141 -85.055244
v 3.644049 -7.010695 -82.734024
v 0.916782 38.285160 -35.140034
v -22.980213 18.424116 55.323452
v 17.602982 19.044695 57.058369
v -34.321625 43.253933 55.626537
v 28.114059 44.208672 58.295635
v -38.617588 68.972504 55.449036
v 31.622555 70.046585 58.451775
v -40.309940 88.478531 51.471535
v 33.051991 89.600349 54.607727
v -36.457859 94.006508 50.855549
v 29.099606 95.008980 53.658100
v -21.798641 96.575989 54.610638
v 14.101880 97.124962 56.145367
v -3.972337 98.412231 57.718964
v -46.188549 13.379882 51.202335
v 41.221409 14.716516 54.939075
v -65.577957 2.926275 51.152988
v 60.854301 4.859621 56.557911
v -84.402382 -16.117657 40.960213
v 81.052177 -13.587601 48.033325
v -87.728569 -44.290649 55.668621
v 83.969566 -41.665119 63.008640
v -72.950035 -49.532757 59.426945
v 69.091148 -47.360725 65.499138
v -51.185493 -60.917465 66.610283
v 47.150711 -59.413754 70.814110
v -33.977242 -76.279213 72.033981
v 30.019333 -75.300606 74.769806
v -17.747627 -72.123352 75.074608
v 13.470215 -71.645981 76.409157
v -8.694917 -49.326351 74.685059
v 3.792220 -49.135403 75.218872
v -19.060122 -41.670467 76.589699
v 13.718611 -41.169228 77.990974
v -15.291566 -30.674385 75.971451
v 9.682708 -30.292490 77.039093
v -23.318077 -9.701881 73.287460
v 17.265118 -9.081302 75.022369
v -40.440380 -2.151916 68.647530
v 34.482441 -1.006230 71.850456
v -51.942024 -7.017138 65.026871
v 46.394180 -5.513425 69.230698
v -64.918610 -19.718000 62.123253
v 59.952755 -17.808525 67.461449
v -66.312462 -30.678093 62.061054
v 61.680683 -28.720881 67.532707
v -62.357651 -38.430382 63.792187
v 57.831039 -36.592510 68.930199
v -45.325943 -44.418404 69.992538
v 40.523125 -43.105637 73.662552
v -27.494781 -47.269485 74.663887
v 22.453766 -46.505692 76.799171
v -4.305557 76.536064 73.338776
v -15.160214 71.682030 72.873627
v 6.692275 72.016190 73.807816
v -16.019535 83.388039 70.493790
v 7.393847 83.746063 71.494705
v -10.561271 88.158897 69.164330
v 1.925866 88.349846 69.698143
v -4.296269 89.035721 68.650368
v -3.501302 19.511099 74.923477
v -3.384418 14.043172 74.145203
v -13.542148 14.669186 73.711151
v 6.749449 14.979476 74.578613
v -16.036165 22.444784 74.388367
v 8.938109 22.826679 75.456009
v -12.196019 28.753912 73.772049
v 4.973794 29.016466 74.506058
v -42.743710 4.062296 65.422699
v 36.861790 5.279587 68.825806
v -64.240906 -6.425809 59.809505
v 59.069576 -4.540201 65.080978
v -74.840363 -21.434347 57.006950
v 70.322601 -19.214581 63.212608
v -76.372314 -38.645012 62.411106
v 71.912430 -36.377506 68.750214
v -71.149826 -42.468945 69.671104
v 66.208679 -40.368519 75.543129
v -46.272999 -55.368423 77.769081
v 41.136959 -54.031792 81.505821
v -33.809509 -64.552315 82.209473
v 28.626175 -63.597576 84.878571
v -22.985788 -62.042126 84.236671
v 17.597406 -61.421547 85.971581
v -13.092975 -43.138985 83.882088
v 7.198622 -42.828697 84.749550
v -16.112183 9.944755 80.637833
v 8.862092 10.326650 81.705475
v -24.788324 44.186886 70.109619
v 17.355764 44.831333 71.911255
v -28.984192 69.906013 67.590500
v 20.964355 70.669800 69.725784
v -30.623959 81.600090 65.177299
v 22.446373 82.411613 67.446037
v -27.511890 91.022469 62.184727
v 19.314873 91.738525 64.186554
v -20.511740 92.692200 62.484352
v 12.266994 93.193443 63.885628
v -4.179599 94.504951 63.964886
v -3.031338 -4.704267 72.591904
v -2.947605 -21.109533 76.501389
v -35.220577 -48.169613 72.769501
v 30.336885 -47.167137 75.572052
v -19.377623 -14.329350 74.236763
v 13.401110 -13.828113 75.638039
v -16.181822 -21.312229 75.153664
v 10.353343 -20.906466 76.288033
v -15.892935 68.545464 72.841553
v 7.520447 68.903488 73.842468
v -11.687564 44.388836 74.579483
v 3.921357 44.627522 75.246765
v -3.883104 44.508179 74.913124
v -3.670769 32.790985 74.137436
v -13.119427 27.178730 77.642021
v 5.611278 27.465153 78.442757
v -17.016800 22.431732 79.038223
v 9.518367 22.837496 80.172592
v -14.465556 13.094003 77.581123
v 7.386934 13.428161 78.515312
v -7.429610 12.420252 77.881721
v 0.374850 12.539595 78.215355
v -3.846881 20.290394 82.728523
v -8.379309 14.751050 80.969536
v 0.986044 14.894260 81.369896
v -13.073916 15.460604 80.769020
v 5.656788 15.747025 81.569756
v -14.808920 22.466791 82.260460
v 7.043570 22.800949 83.194649
v -11.622835 24.858564 80.051331
v 3.986086 25.097248 80.718613
v -3.878031 28.883699 80.383354
v -28.600870 30.839306 54.304192
v 22.908567 31.626965 56.506195
v -19.795431 23.948362 70.318214
v 12.983300 24.449600 71.719490
v -21.463707 30.954924 70.248573
v 14.436812 31.503899 71.783302
v -26.164083 24.625837 54.406872
v 20.662680 25.341890 56.408695
v -4.272407 87.473404 68.651016
v -8.943151 86.620636 68.451164
v 0.422201 86.763847 68.851524
v -13.654334 81.861519 70.594528
v 5.076371 82.147942 71.395264
v -13.601750 74.049561 72.158836
v 5.128955 74.335983 72.959572
v -3.995772 78.100243 65.532753
v -13.346764 74.832207 65.914215
v 5.383942 75.118629 66.714951
v -13.342119 81.082039 63.570023
v 5.388586 81.368462 64.370758
v -8.685735 85.059624 62.988045
v 0.679618 85.202835 63.388412
v -4.014990 85.912384 63.187904
v -20.172216 -22.153616 77.328781
v 14.167410 -21.628510 78.796783
v -21.795193 -15.928029 76.478928
v 15.666217 -15.355186 78.080383
v -36.139347 -43.494965 74.295265
v 30.979017 -42.468620 77.164543
v -29.974438 -42.618706 76.122925
v 24.656788 -41.783310 78.458389
v -44.838707 -40.501980 75.488045
v 39.449471 -39.213081 79.091331
v -58.624676 -36.027981 67.080185
v 53.759556 -34.309452 71.884567
v -61.028095 -29.814327 66.196968
v 56.038815 -28.024193 71.201530
v -60.357460 -20.428301 65.445915
v 55.148552 -18.662035 70.383751
v -50.521664 -10.900181 69.778442
v 44.692753 -9.444204 73.848816
v -40.535614 -6.839800 72.552162
v 34.387207 -5.694114 75.755074
v -25.802376 -11.300933 77.090698
v 19.463493 -10.608747 79.025803
v -20.833351 -29.977139 77.298653
v 15.067170 -29.428165 78.833382
v -23.835821 -37.836464 77.168434
v 18.308268 -37.192013 78.970070
v -26.100927 -36.309391 74.726082
v 20.725836 -35.593334 76.727913
v -22.294147 -30.000448 74.890312
v 16.728153 -29.403738 76.558495
v -27.239313 -12.886560 74.683006
v 21.148344 -12.146639 76.751564
v -40.433090 -9.182904 70.992058
v 34.489731 -8.037218 74.194984
v -48.870178 -12.438257 68.284737
v 43.222458 -11.030019 72.221657
v -57.178455 -21.942696 64.799477
v 52.083996 -20.271902 69.470406
v -57.851517 -28.985058 64.769020
v 52.971825 -27.290398 69.506676
v -55.460022 -34.417553 65.651917
v 50.680641 -32.794498 70.189392
v -43.970093 -39.708328 73.179474
v 38.757187 -38.443298 76.716034
v -30.757311 -40.286976 75.308060
v 25.434805 -39.427711 77.710251
v -36.141773 -41.151302 73.513763
v 30.976589 -40.124958 76.383041
v -23.232128 -17.513657 74.071236
v 17.351067 -16.893076 75.806145
v -22.368162 -22.969833 74.106865
v 16.654139 -22.373121 75.775047
v -12.824752 -46.269974 60.433907
v 9.027738 -45.935814 61.368088
v -21.132809 -66.711563 60.855858
v 17.889492 -66.114853 62.524048
v -35.044952 -69.269295 57.914669
v 32.073410 -68.242950 60.783955
v -49.909435 -56.215416 53.372570
v 46.865879 -54.735573 57.509678
v -69.308769 -46.357216 46.289974
v 66.488838 -44.280659 52.095264
v -80.953590 -41.848534 42.665421
v 78.257408 -39.413952 49.471626
v -78.615112 -17.594761 34.169575
v 75.913208 -15.231783 40.775593
v -61.862679 -0.928803 38.799461
v 58.326012 0.909068 43.937477
v -45.850044 8.694418 44.959976
v 41.559914 10.031052 48.696716
v 0.137601 -89.840149 28.917099
v 1.836991 -98.424149 -7.764586
v 2.571090 19.544981 -67.134293
v -1.504701 46.083904 18.713795
v -3.459934 97.633865 46.011230
v -2.696974 80.451164 34.310295
v -2.238941 57.016960 31.978395
v -1.940873 48.425144 28.079269
v -84.944229 -24.736898 1.836823
v 85.193008 -22.135237 9.110119
v -85.159698 -33.339161 -8.339964
v 86.538437 -30.713629 -0.999940
v -74.990067 -27.730461 -47.002087
v 79.538254 -25.367485 -40.396069
v -42.375336 -44.432255 -72.198677
v 49.717300 -43.024017 -68.261757
v -73.733803 3.563459 3.886701
v 72.990059 5.807095 10.159084
v -58.804138 11.595449 -18.932104
v 59.823662 13.409452 -13.860816
v -62.173443 -0.187208 -45.665699
v 65.819702 1.770005 -40.194042
v -30.639654 -5.965458 -67.778030
v 36.478706 -4.939115 -64.908752
v -25.685257 34.784439 39.572456
v 21.141506 35.500492 41.574280
v -19.683657 41.120785 24.973206
v 16.216864 41.669762 26.507938
v -31.597124 70.634758 36.982407
v 26.155882 71.517891 39.451324
v -27.406116 49.602959 37.938503
v 22.542431 50.366749 40.073780
v -35.876297 90.884842 38.368248
v 29.681166 91.887321 41.170799
v -16.773510 75.548843 36.053303
v 11.322549 75.978470 37.254398
v -14.845177 53.700443 35.348553
v 10.129097 54.082340 36.416195
v -19.701481 94.259171 42.970280
v 13.077251 94.760414 44.371555
v -24.117081 27.777319 41.983707
v 19.587898 28.445637 43.852077
v -23.419941 22.320210 45.922020
v 18.724148 22.964659 47.723663
v -22.689434 16.863289 49.079800
v 17.893761 17.483868 50.814716
v -22.369270 38.731808 15.474276
v 19.774818 39.376255 17.275919
v -28.999798 30.799183 -27.819035
v 30.314102 31.706184 -25.283390
v -32.264153 14.329757 -55.331223
v 36.415100 15.379970 -52.395210
v -42.306618 -87.391685 -40.145489
v 48.225121 -86.007317 -36.275295
v -43.545765 -93.648407 -8.921412
v 46.985973 -92.264038 -5.051219
v -44.966301 -85.844078 21.516300
v 45.565437 -84.459709 25.386494
v -47.081985 -53.051998 40.982773
v 45.010651 -51.643761 44.919693
v -73.395737 -41.738148 30.477104
v 71.767227 -39.518379 36.682758
v -63.725243 -46.280582 25.415649
v 62.707012 -44.347240 30.820576
v -63.156311 -71.284203 2.757066
v 64.836838 -69.326988 8.228719
v -79.280281 -57.463707 9.108799
v 79.930717 -55.029121 15.915003
v -78.162453 -62.926044 -15.085588
v 81.048546 -60.491459 -8.279384
v -62.017048 -75.965195 -22.218182
v 65.976097 -74.007980 -16.746529
v -61.056759 -68.928810 -47.198288
v 66.936394 -66.971596 -41.726631
v -77.247459 -55.108685 -39.285477
v 81.963539 -52.674099 -32.479271
v -58.651764 -33.737511 -61.162430
v 64.658714 -31.851902 -55.890961
v -46.016327 -3.070366 -56.705181
v 50.758987 -1.590522 -52.568081
v -80.578239 -34.056923 -23.783564
v 83.315437 -31.550735 -16.777178
v -41.479614 16.561377 13.088171
v 39.686775 17.802536 16.557999
v -42.321968 18.877615 -22.917604
v 43.527100 20.190380 -19.247591
v -87.349472 -41.975174 -27.202749
v 90.592224 -39.254169 -19.595816
v -76.945084 12.882349 -15.797431
v 77.583237 15.245326 -9.191411
v -102.553108 8.575631 -37.224148
v 105.045540 11.750136 -28.349392
v -126.074570 -7.415086 -48.398933
v 129.911743 -3.500658 -37.455627
v -132.726288 -34.082081 -47.907665
v 137.308044 -29.952837 -36.363811
v -120.733246 -52.650875 -47.399441
v 125.887711 -48.879662 -36.856503
v -100.176033 -49.206627 -35.572392
v 104.300835 -46.079857 -26.831093
v -99.591133 -42.945976 -33.200008
v 103.324837 -39.843079 -24.525434
v -116.291412 -45.549587 -44.080021
v 120.964188 -41.921581 -33.937443
v -124.255829 -30.826540 -45.980881
v 128.608673 -26.959850 -35.171028
v -119.114853 -9.651712 -45.756073
v 122.823425 -5.952102 -35.413315
v -101.777306 2.337737 -34.846581
v 104.260445 5.488373 -26.038557
v -82.267464 5.768566 -16.808601
v 83.187096 8.298622 -9.735490
v -90.609589 -37.336330 -25.777073
v 93.575684 -34.519852 -17.903229
v -92.734161 -31.902346 -32.904266
v 96.133789 -29.014263 -24.830238
v -87.325356 0.999935 -24.845579
v 89.055458 3.697071 -17.305372
v -102.231178 -1.578502 -41.122627
v 105.367470 1.596003 -32.247871
v -116.582832 -11.177296 -49.558025
v 120.672768 -7.549291 -39.415447
v -121.026886 -26.872078 -49.751736
v 125.594070 -23.100863 -39.208790
v -114.649643 -37.713013 -48.699757
v 119.484177 -34.132744 -38.690632
v -100.178673 -35.925808 -40.261116
v 104.298195 -32.799038 -31.519815
v -82.945869 -30.186747 -24.665813
v 85.630486 -27.608952 -17.459244
v -82.077469 -18.455940 -30.881599
v 84.937988 -15.902015 -23.741760
v -74.392326 -10.525009 -30.551201
v 77.014214 -8.209769 -24.078636
v -80.647827 -9.839325 -30.818434
v 83.245850 -7.333137 -23.812048
v -83.096542 -2.844698 -30.921440
v 85.479813 -0.266905 -23.714870
v -80.022484 0.327674 -30.789278
v 82.310295 2.809994 -23.849619
v -72.281197 -1.108208 -10.127663
v 72.881767 1.111559 -3.922007
v -71.102814 1.249623 -20.242252
v 72.499268 3.445521 -14.103325
v -70.940628 -4.999275 -21.800737
v 72.661453 -2.803377 -15.661811
v -78.394440 -21.522394 -24.469191
v 80.816559 -19.087811 -17.662989
v -87.466576 -25.570095 -30.331697
v 90.475121 -22.849091 -22.724764
v -87.244949 -24.787634 -35.795780
v 90.696747 -22.066629 -28.188848
v -79.822296 0.328791 -35.472504
v 82.510483 2.811110 -28.532843
v -83.676796 -2.855515 -35.638023
v 86.460442 -0.253853 -28.364731
v -81.240005 -9.068983 -35.535343
v 84.214554 -6.538927 -28.462233
v -74.972580 -10.535827 -35.267788
v 77.994843 -8.196717 -28.728497
v -82.657730 -18.466757 -35.598186
v 85.918625 -15.888964 -28.391619
v -101.529877 -34.386055 -45.792252
v 106.068771 -31.211550 -36.917496
v -116.034203 -36.173447 -53.450352
v 121.221397 -32.545441 -43.307774
v -123.179962 -26.125605 -54.535374
v 128.123672 -22.282784 -43.792248
v -118.769279 -10.431009 -53.561127
v 123.168999 -6.731399 -43.218369
v -102.778076 -1.589133 -46.619751
v 106.381470 1.609240 -37.678268
v -87.079872 0.220080 -30.309015
v 89.300941 2.917215 -22.768808
v -93.304909 -30.350660 -38.402035
v 97.123924 -27.438707 -30.261282
v -87.402489 -12.288906 -36.581497
v 90.539207 -9.567902 -28.974564
v -92.123390 -7.673372 -37.564159
v 95.183662 -4.809157 -29.556860
v -98.138046 -14.017372 -40.950626
v 101.656143 -10.962210 -32.409512
v -94.230957 -18.645025 -39.220791
v 97.758774 -15.709206 -31.013309
v -99.498535 -24.977278 -41.793362
v 103.417435 -21.874378 -33.118786
v -103.438988 -20.349810 -42.742661
v 107.281441 -17.127567 -33.734451
v -108.832962 -22.776640 -43.755772
v 112.813721 -19.387318 -34.280468
v -106.396172 -28.990108 -43.653091
v 110.567833 -25.672392 -34.377968
v -99.501663 -45.296734 -52.745831
v 104.975204 -42.169964 -44.004528
v -121.819962 -48.765976 -59.956383
v 127.922775 -44.947021 -49.279984
v -133.989334 -31.760609 -55.780735
v 139.166794 -27.583630 -44.103428
v -128.762604 -7.460402 -58.679375
v 133.467255 -3.450501 -47.469154
v -101.828583 7.017223 -53.614780
v 105.770065 10.191729 -44.740025
v -77.614632 11.301003 -36.157482
v 80.035469 13.711718 -29.418003
v -83.629562 -39.580425 -41.900475
v 88.068573 -36.954895 -34.560448
968
f 47 3 45
f 4 48 46
f 45 5 43
f 6 46 44
f 3 7 5
f 8 4 6
f 1 9 3
f 10 2 4
f 11 15 9
f 16 12 10
f 9 17 7
f 18 10 8
f 21 17 15
f 22 18 20
f 13 21 15
f 22 14 16
f 23 27 21
f 28 24 22
f 27 19 21
f 28 20 30
f 33 29 27
f 34 30 32
f 35 27 25
f 36 28 34
f 37 33 35
f 38 34 40
f 39 31 33
f 40 32 42
f 45 41 39
f 46 42 44
f 47 39 37
f 48 40 46
f 37 49 47
f 38 50 52
f 35 51 37
f 36 52 54
f 25 53 35
f 26 54 56
f 23 55 25
f 24 56 58
f 23 59 57
f 60 24 58
f 13 63 59
f 64 14 60
f 11 65 63
f 66 12 64
f 1 49 65
f 50 2 66
f 61 65 49
f 50 66 62
f 63 65 61
f 62 66 64
f 61 59 63
f 64 60 62
f 61 57 59
f 60 58 62
f 61 55 57
f 58 56 62
f 61 53 55
f 56 54 62
f 61 51 53
f 54 52 62
f 61 49 51
f 52 50 62
f 174 91 89
f 175 91 176
f 172 89 87
f 173 90 175
f 85 172 87
f 173 86 88
f 83 170 85
f 171 84 86
f 81 168 83
f 169 82 84
f 79 146 164
f 147 80 165
f 94 146 92
f 95 147 149
f 94 150 148
f 151 95 149
f 98 150 96
f 99 151 153
f 100 152 98
f 101 153 155
f 102 154 100
f 103 155 157
f 102 158 156
f 159 103 157
f 106 158 104
f 107 159 161
f 108 160 106
f 109 161 163
f 67 162 108
f 67 163 68
f 128 162 110
f 129 163 161
f 128 158 160
f 159 129 161
f 156 179 126
f 157 180 159
f 154 126 124
f 155 127 157
f 152 124 122
f 153 125 155
f 150 122 120
f 151 123 153
f 148 120 118
f 149 121 151
f 146 118 116
f 147 119 149
f 164 116 114
f 165 117 147
f 114 177 164
f 177 115 165
f 162 112 110
f 163 113 68
f 112 178 183
f 178 113 184
f 181 178 177
f 182 178 184
f 135 176 174
f 176 136 175
f 133 174 172
f 175 134 173
f 133 170 131
f 134 171 173
f 166 185 168
f 186 167 169
f 131 168 185
f 169 132 186
f 190 187 144
f 190 188 189
f 187 69 185
f 188 69 189
f 131 69 130
f 132 69 186
f 142 191 144
f 192 143 145
f 140 193 142
f 194 141 143
f 197 140 139
f 198 141 196
f 71 139 138
f 71 139 198
f 144 70 190
f 145 70 192
f 191 208 70
f 192 208 207
f 71 200 197
f 201 71 198
f 197 202 195
f 203 198 196
f 202 193 195
f 203 194 205
f 193 206 191
f 207 194 192
f 204 200 199
f 205 201 203
f 199 206 204
f 207 199 205
f 139 164 177
f 165 139 177
f 140 211 164
f 212 141 165
f 144 211 142
f 145 212 214
f 187 213 144
f 188 214 167
f 209 166 81
f 210 167 214
f 215 213 209
f 216 214 212
f 79 211 215
f 212 80 216
f 130 222 131
f 130 223 72
f 133 222 220
f 223 134 221
f 135 220 218
f 221 136 219
f 137 218 217
f 219 137 217
f 218 231 217
f 219 231 230
f 218 227 229
f 228 219 230
f 220 225 227
f 226 221 228
f 72 225 222
f 72 226 224
f 224 229 225
f 230 224 226
f 225 229 227
f 228 230 226
f 183 234 232
f 235 184 233
f 112 232 254
f 233 113 255
f 112 256 110
f 113 257 255
f 114 234 181
f 115 235 253
f 114 250 252
f 251 115 253
f 116 248 250
f 249 117 251
f 118 246 248
f 247 119 249
f 120 244 246
f 245 121 247
f 124 244 122
f 125 245 243
f 126 242 124
f 127 243 241
f 126 236 240
f 237 127 241
f 179 238 236
f 239 180 237
f 128 256 238
f 257 129 239
f 256 276 238
f 257 277 259
f 236 276 278
f 277 237 279
f 236 274 240
f 237 275 279
f 240 272 242
f 241 273 275
f 244 272 270
f 273 245 271
f 244 268 246
f 245 269 271
f 248 268 266
f 269 249 267
f 248 264 250
f 249 265 267
f 250 262 252
f 251 263 265
f 234 262 280
f 263 235 281
f 256 260 258
f 261 257 259
f 254 282 260
f 283 255 261
f 232 280 282
f 281 233 283
f 67 284 73
f 285 67 73
f 108 286 284
f 287 109 285
f 104 286 106
f 105 287 289
f 102 288 104
f 103 289 291
f 100 290 102
f 101 291 293
f 100 294 292
f 295 101 293
f 96 294 98
f 97 295 297
f 96 298 296
f 299 97 297
f 94 300 298
f 301 95 299
f 309 338 308
f 309 339 329
f 308 336 307
f 308 337 339
f 307 340 306
f 307 341 337
f 89 306 340
f 306 90 341
f 87 340 334
f 341 88 335
f 85 334 330
f 335 86 331
f 83 330 332
f 331 84 333
f 330 338 332
f 339 331 333
f 334 336 330
f 335 337 341
f 332 328 326
f 333 329 339
f 81 332 326
f 333 82 327
f 342 215 209
f 343 216 345
f 326 209 81
f 327 210 343
f 215 346 79
f 216 347 345
f 346 92 79
f 347 93 301
f 324 304 77
f 325 304 353
f 352 78 304
f 353 78 351
f 78 348 305
f 349 78 305
f 305 328 309
f 329 305 309
f 328 342 326
f 329 343 349
f 296 318 310
f 319 297 311
f 316 77 76
f 317 77 325
f 358 303 302
f 359 303 357
f 303 354 75
f 355 303 75
f 75 316 76
f 317 75 76
f 292 362 364
f 363 293 365
f 364 368 366
f 369 365 367
f 366 370 372
f 371 367 373
f 372 376 374
f 377 373 375
f 378 376 314
f 379 377 375
f 316 374 378
f 375 317 379
f 354 372 374
f 373 355 375
f 356 366 372
f 367 357 373
f 358 364 366
f 365 359 367
f 292 360 290
f 293 361 365
f 360 302 74
f 361 302 359
f 284 288 290
f 289 285 291
f 284 360 74
f 361 285 74
f 73 284 74
f 74 285 73
f 296 362 294
f 297 363 311
f 310 368 362
f 369 311 363
f 312 370 368
f 371 313 369
f 376 382 314
f 377 383 371
f 350 384 348
f 351 385 387
f 384 320 318
f 385 321 387
f 298 384 318
f 385 299 319
f 300 342 384
f 343 301 385
f 342 348 384
f 385 349 343
f 300 346 344
f 345 347 301
f 322 378 314
f 323 379 381
f 378 324 316
f 379 325 381
f 386 322 320
f 387 323 381
f 352 386 350
f 353 387 381
f 324 380 352
f 353 381 325
f 388 402 400
f 389 403 415
f 400 404 398
f 405 401 399
f 404 396 398
f 405 397 407
f 406 394 396
f 407 395 409
f 408 392 394
f 409 393 411
f 392 412 390
f 413 393 391
f 410 418 412
f 419 411 413
f 408 420 410
f 421 409 411
f 424 408 406
f 425 409 423
f 426 406 404
f 427 407 425
f 428 404 402
f 429 405 427
f 402 416 428
f 417 403 429
f 320 442 318
f 321 443 445
f 390 444 320
f 391 445 413
f 310 442 312
f 443 311 313
f 382 414 388
f 415 383 389
f 412 440 444
f 441 413 445
f 446 440 438
f 447 441 445
f 434 438 436
f 439 435 437
f 448 434 432
f 449 435 447
f 448 450 430
f 449 451 433
f 430 416 414
f 431 417 451
f 312 430 382
f 431 313 383
f 442 448 312
f 443 449 447
f 442 444 446
f 447 445 443
f 416 452 476
f 453 417 477
f 432 452 450
f 433 453 463
f 432 460 462
f 461 433 463
f 436 460 434
f 437 461 459
f 438 458 436
f 439 459 457
f 438 454 456
f 455 439 457
f 440 474 454
f 475 441 455
f 428 476 464
f 477 429 465
f 426 464 466
f 465 427 467
f 424 466 468
f 467 425 469
f 424 470 422
f 425 471 469
f 422 472 420
f 423 473 471
f 420 474 418
f 421 475 473
f 456 478 458
f 457 479 481
f 480 484 478
f 481 485 483
f 484 488 486
f 489 485 487
f 488 492 486
f 489 493 491
f 464 486 492
f 487 465 493
f 484 476 452
f 485 477 487
f 462 484 452
f 463 485 479
f 458 462 460
f 463 459 461
f 474 456 454
f 475 457 481
f 472 480 474
f 481 473 475
f 488 472 470
f 489 473 483
f 490 470 468
f 491 471 489
f 466 490 468
f 491 467 469
f 464 492 466
f 467 493 465
f 392 504 502
f 505 393 503
f 394 502 500
f 503 395 501
f 394 498 396
f 395 499 501
f 396 496 398
f 397 497 499
f 398 494 400
f 399 495 497
f 400 506 388
f 401 507 495
f 502 506 494
f 503 507 505
f 494 500 502
f 501 495 503
f 496 498 500
f 501 499 497
f 382 506 314
f 383 507 389
f 314 504 322
f 505 315 323
f 320 504 390
f 505 321 391
f 47 1 3
f 4 2 48
f 45 3 5
f 6 4 46
f 3 9 7
f 8 10 4
f 1 11 9
f 10 12 2
f 11 13 15
f 16 14 12
f 9 15 17
f 18 16 10
f 21 19 17
f 22 16 18
f 13 23 21
f 22 24 14
f 23 25 27
f 28 26 24
f 27 29 19
f 28 22 20
f 33 31 29
f 34 28 30
f 35 33 27
f 36 26 28
f 37 39 33
f 38 36 34
f 39 41 31
f 40 34 32
f 45 43 41
f 46 40 42
f 47 45 39
f 48 38 40
f 37 51 49
f 38 48 50
f 35 53 51
f 36 38 52
f 25 55 53
f 26 36 54
f 23 57 55
f 24 26 56
f 23 13 59
f 60 14 24
f 13 11 63
f 64 12 14
f 11 1 65
f 66 2 12
f 1 47 49
f 50 48 2
f 174 176 91
f 175 90 91
f 172 174 89
f 173 88 90
f 85 170 172
f 173 171 86
f 83 168 170
f 171 169 84
f 81 166 168
f 169 167 82
f 79 92 146
f 147 93 80
f 94 148 146
f 95 93 147
f 94 96 150
f 151 97 95
f 98 152 150
f 99 97 151
f 100 154 152
f 101 99 153
f 102 156 154
f 103 101 155
f 102 104 158
f 159 105 103
f 106 160 158
f 107 105 159
f 108 162 160
f 109 107 161
f 67 68 162
f 67 109 163
f 128 160 162
f 129 111 163
f 128 179 158
f 159 180 129
f 156 158 179
f 157 127 180
f 154 156 126
f 155 125 127
f 152 154 124
f 153 123 125
f 150 152 122
f 151 121 123
f 148 150 120
f 149 119 121
f 146 148 118
f 147 117 119
f 164 146 116
f 165 115 117
f 114 181 177
f 177 182 115
f 162 68 112
f 163 111 113
f 112 68 178
f 178 68 113
f 181 183 178
f 182 177 178
f 135 137 176
f 176 137 136
f 133 135 174
f 175 136 134
f 133 172 170
f 134 132 171
f 166 187 185
f 186 188 167
f 131 170 168
f 169 171 132
f 190 189 187
f 190 145 188
f 187 189 69
f 188 186 69
f 131 185 69
f 132 130 69
f 142 193 191
f 192 194 143
f 140 195 193
f 194 196 141
f 197 195 140
f 198 139 141
f 71 197 139
f 71 138 139
f 144 191 70
f 145 190 70
f 191 206 208
f 192 70 208
f 71 199 200
f 201 199 71
f 197 200 202
f 203 201 198
f 202 204 193
f 203 196 194
f 193 204 206
f 207 205 194
f 204 202 200
f 205 199 201
f 199 208 206
f 207 208 199
f 139 140 164
f 165 141 139
f 140 142 211
f 212 143 141
f 144 213 211
f 145 143 212
f 187 166 213
f 188 145 214
f 209 213 166
f 210 82 167
f 215 211 213
f 216 210 214
f 79 164 211
f 212 165 80
f 130 72 222
f 130 132 223
f 133 131 222
f 223 132 134
f 135 133 220
f 221 134 136
f 137 135 218
f 219 136 137
f 218 229 231
f 219 217 231
f 218 220 227
f 228 221 219
f 220 222 225
f 226 223 221
f 72 224 225
f 72 223 226
f 224 231 229
f 230 231 224
f 183 181 234
f 235 182 184
f 112 183 232
f 233 184 113
f 112 254 256
f 113 111 257
f 114 252 234
f 115 182 235
f 114 116 250
f 251 117 115
f 116 118 248
f 249 119 117
f 118 120 246
f 247 121 119
f 120 122 244
f 245 123 121
f 124 242 244
f 125 123 245
f 126 240 242
f 127 125 243
f 126 179 236
f 237 180 127
f 179 128 238
f 239 129 180
f 128 110 256
f 257 111 129
f 256 258 276
f 257 239 277
f 236 238 276
f 277 239 237
f 236 278 274
f 237 241 275
f 240 274 272
f 241 243 273
f 244 242 272
f 273 243 245
f 244 270 268
f 245 247 269
f 248 246 268
f 269 247 249
f 248 266 264
f 249 251 265
f 250 264 262
f 251 253 263
f 234 252 262
f 263 253 235
f 256 254 260
f 261 255 257
f 254 232 282
f 283 233 255
f 232 234 280
f 281 235 233
f 67 108 284
f 285 109 67
f 108 106 286
f 287 107 109
f 104 288 286
f 105 107 287
f 102 290 288
f 103 105 289
f 100 292 290
f 101 103 291
f 100 98 294
f 295 99 101
f 96 296 294
f 97 99 295
f 96 94 298
f 299 95 97
f 94 92 300
f 301 93 95
f 309 328 338
f 309 308 339
f 308 338 336
f 308 307 337
f 307 336 340
f 307 306 341
f 89 91 306
f 306 91 90
f 87 89 340
f 341 90 88
f 85 87 334
f 335 88 86
f 83 85 330
f 331 86 84
f 330 336 338
f 339 337 331
f 334 340 336
f 335 331 337
f 332 338 328
f 333 327 329
f 81 83 332
f 333 84 82
f 342 344 215
f 343 210 216
f 326 342 209
f 327 82 210
f 215 344 346
f 216 80 347
f 346 300 92
f 347 80 93
f 324 352 304
f 325 77 304
f 352 350 78
f 353 304 78
f 78 350 348
f 349 351 78
f 305 348 328
f 329 349 305
f 328 348 342
f 329 327 343
f 296 298 318
f 319 299 297
f 316 324 77
f 317 76 77
f 358 356 303
f 359 302 303
f 303 356 354
f 355 357 303
f 75 354 316
f 317 355 75
f 292 294 362
f 363 295 293
f 364 362 368
f 369 363 365
f 366 368 370
f 371 369 367
f 372 370 376
f 377 371 373
f 378 374 376
f 379 315 377
f 316 354 374
f 375 355 317
f 354 356 372
f 373 357 355
f 356 358 366
f 367 359 357
f 358 360 364
f 365 361 359
f 292 364 360
f 293 291 361
f 360 358 302
f 361 74 302
f 284 286 288
f 289 287 285
f 284 290 360
f 361 291 285
f 296 310 362
f 297 295 363
f 310 312 368
f 369 313 311
f 312 382 370
f 371 383 313
f 376 370 382
f 377 315 383
f 350 386 384
f 351 349 385
f 384 386 320
f 385 319 321
f 298 300 384
f 385 301 299
f 300 344 342
f 343 345 301
f 322 380 378
f 323 315 379
f 378 380 324
f 379 317 325
f 386 380 322
f 387 321 323
f 352 380 386
f 353 351 387
f 388 414 402
f 389 401 403
f 400 402 404
f 405 403 401
f 404 406 396
f 405 399 397
f 406 408 394
f 407 397 395
f 408 410 392
f 409 395 393
f 392 410 412
f 413 411 393
f 410 420 418
f 419 421 411
f 408 422 420
f 421 423 409
f 424 422 408
f 425 407 409
f 426 424 406
f 427 405 407
f 428 426 404
f 429 403 405
f 402 414 416
f 417 415 403
f 320 444 442
f 321 319 443
f 390 412 444
f 391 321 445
f 310 318 442
f 443 319 311
f 382 430 414
f 415 431 383
f 412 418 440
f 441 419 413
f 446 444 440
f 447 439 441
f 434 446 438
f 439 447 435
f 448 446 434
f 449 433 435
f 448 432 450
f 449 431 451
f 430 450 416
f 431 415 417
f 312 448 430
f 431 449 313
f 442 446 448
f 443 313 449
f 416 450 452
f 453 451 417
f 432 462 452
f 433 451 453
f 432 434 460
f 461 435 433
f 436 458 460
f 437 435 461
f 438 456 458
f 439 437 459
f 438 440 454
f 455 441 439
f 440 418 474
f 475 419 441
f 428 416 476
f 477 417 429
f 426 428 464
f 465 429 427
f 424 426 466
f 467 427 425
f 424 468 470
f 425 423 471
f 422 470 472
f 423 421 473
f 420 472 474
f 421 419 475
f 456 480 478
f 457 459 479
f 480 482 484
f 481 479 485
f 484 482 488
f 489 483 485
f 488 490 492
f 489 487 493
f 464 476 486
f 487 477 465
f 484 486 476
f 485 453 477
f 462 478 484
f 463 453 485
f 458 478 462
f 463 479 459
f 474 480 456
f 475 455 457
f 472 482 480
f 481 483 473
f 488 482 472
f 489 471 473
f 490 488 470
f 491 469 471
f 466 492 490
f 491 493 467
f 392 390 504
f 505 391 393
f 394 392 502
f 503 393 395
f 394 500 498
f 395 397 499
f 396 498 496
f 397 399 497
f 398 496 494
f 399 401 495
f 400 494 506
f 401 389 507
f 502 504 506
f 503 495 507
f 494 496 500
f 501 497 495
f 382 388 506
f 383 315 507
f 314 506 504
f 505 507 315
f 320 322 504
f 505 323 321
